0226 0.00021412648025850766 0.0005585800094924894
0219 0.00014612319401110849 0.001264678212493864
2100 0.00046931549688109984 0.0003054771510654344
2093 0.00031865906827348257 0.0009055516844148282
0325 0.00029350770744836923 0.00021325906236098187
0326 0.00045359398718956324 0.0007855241046599021
0224 0.0002357204395034452 0.000489255875041389
1492 0.0003491004712693536 0.0001486887632759728
0225 0.000385782407597473 0.0010186945905625202
0221 0.0002020640154579899 0.0010645342860587741
2099 0.0006935804045584266 0.0007526938796307666
2098 0.0004054034899583058 0.0003243829887258396
0220 0.00025085228696899374 0.00018669253199074743
2095 0.0004989266719694882 0.0006459915841905997
2094 0.0002467767971992179 0.00015405581779925063
1503 0.0004421885558607609 0.0006843432739579855
1502 0.0006339660090544079 0.00047808040679307175
1481 0.002142595252220794 0.0008917542090330409
0436 0.00038412609278020766 0.00019536901773464994
0415 0.0007693527811437033 0.00018874728008154507
0418 0.0005802719135974517 0.0005135577078894168
0327 0.0005566366089696342 0.0004938770795988031
0304 0.0007052740490862564 0.0003239048039117113
0459 0.0006122170503527063 0.000305217696132636
0370 0.0008863774031932633 0.0002941956000062021
1124 0.004628668113843869 0.003032792877738435
2092 0.0005290663474748386 0.00042942746833836095
0159 0.0002984297503792189 8.658281339002255e-05
0218 7.791030202406636e-05 2.6691159054455322e-05
0228 0.0003953377846716012 0.0009297871785932324
0389 0.0008826480941806857 0.00025434260014331104
0328 0.0023861797965091525 0.0010224564109065843
1475 0.00041139309323013284 0.00011999241535180861
0212 0.0003058661053040005 5.5572830966566386e-05
2102 0.0009236414443794642 0.0006000014631392585
0070 0.0009478909838939117 0.00017240810841889342
0072 0.0008462439239349815 0.00022243026580589669
0073 0.0009620885190406732 0.00031005429139239685
0001 0.000929141028145492 0.0001648789627453135
0066 0.001127392545340703 0.00017920771892914071
0086 0.0009303336549652669 0.00017198029085912733
0067 0.0008889219832345586 0.00018893438754620376
0071 0.0010061294031469938 0.00014192236953287538
0068 0.0011907697025619172 0.00011212949321636202
0090 0.0011188813116163238 0.0004184655802911019
1137 0.0004930314443844046 0.00025223189559486883
0152 0.00033498192194748763 0.0010574261860784476
1135 0.00013453503804372016 0.0002937688494751379
0002 0.00016744358438030448 0.0001986112706825648
0150 0.0003303494195330127 0.0008044768730106333
0171 0.00046031723097503913 0.0003314382659287483
0170 0.0005022049968856916 0.000569920334220784
1132 0.0004198530811211528 0.0005879587063046252
0180 0.0006269888389959839 0.0003508680204813129
0153 0.0015917597236507375 0.0007092126281904747
0160 0.0020974774303876968 0.0009807001623878386
0148 0.00014788427177907354 0.0002578573868339358
1154 0.0007415130028255533 0.0002814752026294726
1122 0.00017908047583742334 0.001004957294095758
1155 0.0007486863074182955 0.0002782632129134039
1123 0.0001792259940445459 0.0011532930474382154
0158 0.0036712186224540162 0.0021874132123937203
0149 0.0003035064729142668 0.00039252232190531227
2089 0.0002347385216108116 0.0001489502628345175
2104 0.0025825079399494195 0.001118269419760928
0157 0.002908670715069943 0.0015798544979153666
1153 0.0007038274597300998 0.00031014493897371745
0178 0.004442746003075996 0.002868129490832446
0154 0.0002828203429274212 5.339523958214694e-05
0176 0.0034045964701157586 0.0019578695955917297
0155 0.0010624841001280786 0.0006202373580022768
1114 0.000934716954933493 0.0006053557279692518
2086 0.00031095845073225226 5.475717234604648e-05
1141 0.0007186185924035549 0.00042556418842655276
0215 0.00024361307002475038 0.00018388614938650717
0230 0.001215391979217178 0.000623344673282095
0151 0.0002476021097904948 0.00015812122401968835
1477 0.0024392344527213857 0.001049305877753597
0366 0.0009962633618689723 0.00025109740048342934
1134 0.00014190636228217406 0.00026998013086181315
0172 0.003711262523346823 0.0022578421570738803
0329 0.0004015199755863945 0.00012024619967832234
1509 0.0006127773036328163 0.0002369806870513
2096 0.0006205561146015651 0.00019962789401353846
1125 0.0014351417350698858 0.0014937218276016282
2097 0.0008794601545872852 0.0003074915770152147
1506 0.0007420643746617454 0.00035785209503950624
0217 0.00031844484680496553 0.0006663757876630982
1497 0.0012553340014101384 0.000664937110157284
0330 0.0005550164522949039 0.0005097862960362966
2085 0.0005351130488506821 0.0005988431502045095
0213 0.00024694235279438365 0.0008380528688824537
2091 0.0006189304871019021 0.000381383166000172
2087 0.00037547817598100917 0.0006456677066997139
1476 0.0005687688399099665 0.00047784803829926297
0211 0.0002043050683829698 0.0009884007876837
1507 0.0006232662099278183 0.0005368638928833272
0156 0.00035981006658926845 0.0001524994517941288
0376 0.0007454481446792905 0.00038858727637727537
0394 0.0004983264141708243 0.0006818101394647351
0462 0.0003387772558343045 0.00014955427431374995
0447 0.0005358740061244889 0.00034901007506477267
0216 0.00019331963446364792 0.000350790046515238
2090 0.0003127026416684125 0.0001991385922581388
0227 0.00019797607763906365 0.0010018999809231171
2088 0.0002351559739973599 0.00015804516116928416
2101 0.00048167977764347733 0.0005920272795827875
0214 0.0001555235800871746 0.0002353616355489766
0585 0.0003963253158907091 0.0001894557402589665
0229 0.00016680257427525202 0.0010912670036936052
2103 0.0004280676333284282 0.0006733153733812466
1495 0.001046046775611371 0.0006713097024690353
1501 0.0004065317867012234 0.0007264221380035046
0222 0.0009274895914188383 0.00033463743681588613
1499 0.0006450610853904218 0.00022867364435904972
1500 0.00026729056183648407 0.0002182197477204377
2106 0.0011658355166527254 0.0007007675984036609
2083 0.0003247645610736069 9.096367602671841e-05
2084 0.00020935830670406848 0.00020709180850146718
0209 0.0003119311172101133 9.285061907768828e-05
2105 0.0003274539254833172 0.0009462065161926554
0210 0.0001647706790384202 0.00028052445907659107
0232 0.0006319238542468342 0.0008522815297336207
0231 0.0001324716424354935 0.001438516188470604
0004 0.0007153213110518676 9.076872598528316e-05
0005 0.0013408010420001624 0.00013696534306017991
1376 0.0005151537500985186 0.0005336739318466805
1498 0.00040788363583951786 0.00028116139055468515
1351 0.000895737819925518 0.0002642616832226006
0544 0.001280494244538681 0.0002040858855107437
0518 0.0014552441922989197 0.00011931395218199895
0396 0.0016138539754563658 0.00010720752376134464
1513 0.0007779520755043357 0.00022794987253789848
1352 0.00031496374757267393 0.003198950094341675
1496 0.00044683198278233155 0.002981177421089194
0626 0.0026029029775004593 0.0004799632219557623
0311 0.0006808553386272194 0.00045091963251256087
0523 0.0002528138023586791 0.00028435369139372005
0198 0.0006095770099187641 0.00037446744358538334
0312 0.00013244987200313016 0.0018244025836863047
0313 0.0001542758658376262 0.00149641507943822
1353 0.00015340259544408046 0.0014519458042891408
0318 0.00023075164556154846 0.001168959067773089
0310 0.0012014565793561727 0.0002116271863649866
0305 0.0001872957212361157 0.0012690305180073644
0314 0.00019978384302974208 0.0011577876831438518
0307 0.0002413590159140387 0.0013075530453288114
1490 0.001962537351015507 0.00029178465423153457
0465 0.0005966176279540028 0.0039917490220008015
0486 0.0037363370364610475 0.0004400621963387197
0438 0.00032679895891423626 0.0001493217580052247
0559 0.0044865873764361845 0.0006662564231177223
0475 0.004556728041621794 0.0007632147093087921
0409 0.0024977121244423206 0.0004432686404560806
0503 0.005191550408074664 0.0011751431094783873
0535 0.000138085795903647 0.0011949413339689017
0386 0.0002458151729753269 0.0004267601450326456
0398 0.00014763743452049898 0.0007591281091845739
1223 0.00015978496470910443 0.0025925813569219014
0591 0.002381248209997877 0.0001387296823849298
0464 0.00029749066728811005 0.0004882262717392737
1143 0.0015782667649811759 0.00033067580935379384
0466 0.0003547144865268581 8.558377541255128e-05
1142 0.001721188670311276 0.0005831039671127559
0377 0.002012757943255968 0.0004556752634069313
0525 0.0016050622913878624 0.00680215667558737
0507 0.0007652444425882125 0.002397930674338009
1487 0.0023186837823108075 0.0004692659133480668
0315 0.0001557904791733726 0.0016019180479661034
1508 0.00038854236287717283 0.0007789053910481386
1474 0.0015599101376252782 0.006725123096736041
1493 0.004427010401785974 0.0006715639114793494
0306 0.0063525972462289545 0.015425934394851112
1505 0.003819502846246686 0.00045176893364465916
1471 0.0003717889153018562 0.000112635888023946
1482 0.00784370203732423 0.002609476531995636
0625 0.002147384934881555 0.0005918890462972856
1413 2.788839420504231e-05 0.0013774430109011328
1473 0.0025482551840746086 0.0008860365664316813
1511 0.0012352090757422375 0.00022749489197792746
1146 0.00410512991892053 0.002524613464770325
0437 0.0001655161312401753 0.0006264295038275326
0404 0.0002393766871181426 0.001573052198258148
0579 0.001146982141884906 0.0054471826938206
0361 0.009139482071994868 0.0029237117769787867
0369 0.003721044877432947 0.011000791289281754
0392 0.010484772473981958 0.0036829017092338857
0019 0.006377823707500201 0.002104385624351012
0025 0.002093142640902122 0.008038679284018238
0441 0.003670921998603291 0.0012130336566038413
0385 0.005013124496948415 0.011364606424889973
0008 0.0014627709881144717 9.448962591603323e-05
0007 0.0014527765574247867 8.630689790912533e-05
0593 0.0013059729702101365 0.00013604015965870315
0397 0.0004258469127339887 0.00013760063142353294
1415 3.267003658556055e-05 0.001501012707597188
0440 0.004190715196004437 0.0005616866855121884
0372 0.008047537773165707 0.017302024611253373
0016 0.001370876284960804 0.00021884037692111063
0014 0.0015633881496351894 0.00029364437621193505
0013 0.0001286474763494593 0.0023557644212623455
0012 0.00093172815752636 0.00010938794349961259
0009 0.00012980069838990449 0.0024979209942510875
0194 0.001074476117144227 0.0001803608546674318
1470 0.0004836479087025807 0.0001898454762225363
0499 0.00944016470946788 0.0030541375861594363
1480 0.000601207506008175 0.00018279140300996014
1479 0.0002594495715379456 0.0001580770739810729
1488 0.6808924628934039 0.6833279627555627
1412 1.9759797040839e-05 0.0008696190596069678
1491 0.0004013109199817999 0.0034277331259490646
1465 0.009002576997807384 0.004494385995994262
0501 0.005125412495813516 0.0020492765960581764
0423 0.00021504439465151902 0.0020077990145352044
0488 0.009393788905175513 0.020388903673688053
0473 0.0008298136048864209 0.0046035006931892984
0435 0.00864467032951921 0.003501128528605239
0355 0.013418075111960779 0.006594155206686508
0414 0.00018461084547351938 0.0003455988709147657
0566 0.012250862008280223 0.0051187580107709225
0512 0.00029653081884662634 0.00012577482762089477
0451 0.0067836790694681915 0.001574745800927739
0550 0.017003106566831745 0.007703237677349679
0382 0.015088655723539244 0.0065284690585543405
0402 0.004124938688585724 0.0018241041414073643
0371 0.00039877767638320406 0.0005818670669876457
0454 0.0007180381975351397 0.00031251672399527675
0552 0.018728365609680338 0.0313555044975347
0388 0.0028631969044276766 0.0059644039184952626
1510 0.004647898650356779 0.0007015193047255997
1416 0.00011773714628868238 0.00017429565749264628
0545 0.0001852347553599804 0.0019534551869565477
1414 0.0001988879263339252 9.17858087821661e-05
1354 0.0022011347152115675 9.777299158634894e-05
1469 0.0009593030379898948 0.0009838478607868185
1466 0.022000690650022976 0.037429531279115774
0580 0.0003184214892905606 0.0027569439880177605
0530 0.011694261080246373 0.004170319434829462
1478 0.011789863047805738 0.01907796776430014
1504 0.0013608821276647131 0.0001475769162373996
0482 0.0018214137902436223 0.00011650186811315284
0239 0.01961625436549422 0.009801899180748768
0252 0.0052236749001004805 0.01375287613738547
2113 0.020509241014560985 0.01042154170910047
0248 0.018286404309212283 0.008967277985425586
2126 0.004328713431232532 0.012263376183611622
2122 0.020222894650417267 0.010385228860172555
0332 0.02184148858605578 0.01096856174790071
2117 0.00015617073537215148 0.0017430110587745547
0243 0.0001699167173238241 0.0018076565924805728
0258 0.06335846480847876 0.08587996696108982
0399 0.005884842732713444 0.0011730173221952056
0333 0.0025872008744599697 0.0011964511856392913
1222 0.0024989814528726018 0.0001176428682265473
0410 0.0031022162504158093 0.008763816639906549
0233 0.009256937057772535 0.004938146974839278
0234 0.0014981164377785123 0.000954889328582116
0331 0.00020053777377590455 0.002188784596146905
0407 0.009559764697183793 0.0028984215985249145
0375 0.0004835805610441125 0.0005718327182105744
0584 0.0010310245103118808 0.00016808979704360195
0257 0.0011520689453063061 0.0005866545103646717
2107 0.010415062867326139 0.005743318504332012
0354 0.010530031225962641 0.0037333655817846628
2108 0.0015870060621254636 0.001030382213558041
0334 0.0010924278724447714 0.0006416870379846258
0335 0.012270545939226789 0.00685118575212119
2128 0.012783781364089471 0.024975754828398006
2121 0.013638851817156385 0.005354814375400718
0574 0.002357192982436422 0.0001782400833367244
2132 0.05513844823291937 0.0760732320708872
2131 0.0027129565124740036 0.0014460155202564978
0245 0.0010205167011850668 0.0001349919496459894
2109 0.00045016066548549734 8.603191618324487e-05
2119 0.0006346537298131612 0.000417965183800494
0599 0.001286976653628686 0.00018738602802457864
1112 0.0034399435572982054 0.001261490245971477
2118 6.499922665837347e-05 0.0015201668000796617
2127 0.0019832798539833503 0.00018784999009234147
2114 0.0013681661758698869 0.0001025776956836653
2115 0.0034279388313019953 0.000577144099672899
2123 0.0001905015675266007 0.003277760577324711
2116 0.00778975602277766 0.0024741620805499324
2124 0.0004230764104975305 0.0007686243317291666
0253 0.0011340921617788836 9.284682911966832e-05
0247 0.012497194253358013 0.004651076463558465
0238 0.00080087188235378 9.159656099970126e-05
0235 0.0004123820385791121 5.4466440443912024e-05
2130 0.0017851695634849808 0.0003098970073061032
0448 0.0017292504696663487 0.007562859659515734
0254 0.014536001394335536 0.027391715693159815
0256 0.0009333392312058155 0.00017631833819979468
0244 6.400172472177063e-05 0.0019684297578890617
0237 0.00953947912143455 0.004296113245825845
0251 0.002549154478033673 0.00010360344697912428
2120 0.006491795660357971 0.0013924437742068808
0249 0.00011450564551355106 0.0029362273336129277
0242 0.007884987038907292 0.0025973271974374583
0240 0.001351924273221617 7.613951037530456e-05
2111 0.009642427402373891 0.004365938062915754
0554 0.00010245645170815624 0.0021049222713824035
0184 0.00220070232442885 0.00010754474509519648
0255 0.004001075519553068 0.010319009468562528
2112 0.0004209465427306527 6.199919049387052e-05
0236 0.00213421797328677 0.0005118381610182958
0169 0.002114905815663707 9.89231986556498e-05
2129 0.003096699032542949 0.00874341027986558
0461 0.0028918616246125595 0.0009095376918890635
1166 0.0027264291579628427 0.00013825222394113314
0513 0.008972541215213441 0.019014700722715393
0387 0.0008973905154696768 0.00023811189470984316
2125 0.0025125641794814008 0.00012637733894401456
0412 0.0008400956029320901 0.00015981267576027812
1164 0.002554420210276233 0.00011818264974079605
2110 0.0023712703188587497 0.0006365032357952731
0241 0.0035328779723427404 0.000638905256773242
0250 0.00040128916922981634 0.0006973068772340757
1167 0.0024405293061817426 0.00010392188183333474
1165 0.002538851417871726 0.00012101154586681523
1148 0.002924956586002734 0.0003203185280464285
1147 0.0035684537322930913 0.011096428664924675
1494 0.0012324027816010355 0.00016596754625368548
1467 0.017397795456419285 0.008978493943286094
1459 0.0030962514111954696 0.0014895886830839484
1468 0.011730314152673182 0.0063466224415679754
0201 0.002997008051046126 0.00016111396441304793
0631 0.0011206908118222248 0.0002737706441174582
1453 0.0701194904859045 0.09234743696393943
1472 0.0020044625627775063 0.0008474613275662427
1512 0.001171452988438018 0.0002910658869768111
1454 0.00198638027916359 0.0011264109712522219
0259 0.003527653010088637 0.0002350059841150392
0191 0.0034030998137003963 0.00021241682430233
1462 0.00624471069576575 0.002760332078581962
1461 0.00044884805223623575 0.0003650639972115442
1484 0.007470666997408177 0.0024556315827452733
1387 0.007104346914370572 0.01617452388352325
1456 0.001473059876143907 0.0007045417193712422
2151 0.003235938379860354 0.011388556837600056
0280 0.03040380175205374 0.01872412368622067
0261 0.009425965831181526 0.003698005637213235
2146 0.03256909083497886 0.017142422962246866
0293 0.0008821802337816913 0.0008480890728908156
2133 0.011061411054231144 0.004744301731802089
0260 0.005400954765236742 0.0039018509779832843
0279 0.004664657239604361 0.014150061137388025
2145 0.00024794931235496434 0.0011123396804222038
0274 0.029664160762399455 0.015058136840307434
0292 0.09787339120332535 0.12147070292855483
0273 0.0001021498665025515 0.0015220852633361784
1221 0.005537740962902188 0.0006567836331170319
2152 0.035132669279491206 0.022434584018507536
2156 0.007055941443861228 0.017209564562048803
2135 0.011533363497843068 0.0045575122909736
0263 0.009448963049687757 0.0033024841381679953
0268 0.0004889946145432045 0.0003031597202408189
2141 0.017120402230346214 0.007112501811496382
0264 0.0008522543876709702 4.315232820875413e-05
2142 0.0026150421611940444 0.00015239185179689196
1152 0.0010563785261302164 0.00048439896457575735
0277 0.010843785580551848 0.00302528627366461
1151 0.0010606447418559468 0.0004854877857916052
0046 0.0009360753062236105 4.617518888979034e-05
1150 0.0011060435616417942 0.0005070202474403431
0285 0.0108407336311126 0.004835046556494476
0291 0.002303062954082318 0.0006064235037262101
2139 0.0012743197363673509 0.00011038092135442336
0045 0.015448365092520336 0.027958734999868905
0047 0.002862327014717061 0.0005336369106415228
0278 0.022162907225223467 0.010100753300723589
0286 0.002799594668485213 0.0005203457976056771
0267 0.0009891366561590132 4.573737908096377e-05
2157 0.013246231150306112 0.006472929997312009
0284 0.00852404924328079 0.019462846490956743
2136 0.0012581056565298314 0.0001694273308295304
1172 0.001846142041386368 0.0005858735796720104
0275 6.457181260218932e-05 0.0025261368661727867
0269 0.015198558369645471 0.005882918614352692
0287 0.03614428978989457 0.05275725181648689
2153 0.0003342454783841375 0.0042308412710893506
2159 0.032234537844205956 0.047967650104421354
1175 0.0018322162085944035 0.0005834877523459972
1174 0.001824325134618563 0.0005795415812588496
1173 0.0018571451953909902 0.0005928435768447808
0283 0.004437435364086414 0.0006631272528714694
0281 0.0005889950444541913 0.005186409311430218
0272 0.0096465882315308 0.0026159140158889603
0270 0.001948996503233157 4.0345083885944626e-05
2140 0.0011091481392134085 0.00014368210314858295
2150 0.025461186401767352 0.012321437399714499
2147 0.00021959172694668844 0.0017133946132663258
1178 0.004376549264240162 0.0004690567302856566
0262 0.002733132982459742 0.0003795379862710968
1179 0.004395689042181246 0.00045707510914325453
0266 0.006495131522774055 0.0018409297365084647
0290 0.00027930888896929236 0.0011930175058466933
0183 0.0042609647329251155 0.00032587151977629057
2138 0.008037002835344293 0.002725713589123997
0168 0.004147785527705137 0.00029762199947435514
0265 0.0011587262128510978 6.3340097833666e-05
2148 0.0014335331416599456 0.000330016284712422
0288 0.025724109630485225 0.03910284155068784
0289 0.008251855715286862 0.015090150967035415
2154 0.0008717177830811332 0.0005141280437170076
2134 0.003776499587799224 0.0008449951870655678
2149 0.013679730224980834 0.00454499414494226
2163 0.0034937885591424726 0.0012464270338420507
2143 0.005295658921607006 0.000817490627478105
2160 0.02398817740262272 0.03696208286438063
2162 0.00044172153097339113 0.0007235139641530776
2144 0.011238773557826072 0.003482815848241891
2265 0.0008719798997966359 0.001138252691213121
2137 0.0017014617745724821 0.00022815846675741552
2158 0.004947944501863739 0.00156230992953109
2155 0.005936922452533221 0.0012150536578251002
2161 0.0068182999760687925 0.01307239336725709
0271 0.005706602804324788 0.0009155543849437115
0282 0.0003806266279059639 0.0008747965205961882
0174 0.00469494196047538 0.011032144166430613
0036 0.0031914785039627233 0.00036522227486796976
0041 0.0020809906249073984 0.006839588825668714
0031 0.0028360794737073538 0.008159036024986388
0040 0.17717953122692776 0.16095879849427897
0038 0.0033527218747054677 0.0004087159192245861
1485 0.002381096086998977 0.009206479366241572
1446 0.008625283445410702 0.003624771257538905
1447 0.005064585119942553 0.0034686774301782037
1483 0.011062886476406027 0.019831839692083665
1457 0.01784323575774405 0.012320329790736913
0200 0.0045706925013599 0.0003539645253609887
0317 0.017288927304865406 0.029284635147156225
1489 0.00015104297244488747 0.0022196899632563037
0193 0.0048949607178936675 0.0004086666004249108
0294 0.005551915503324075 0.0005714093544523647
1452 0.12252818719123616 0.1372583742300373
1486 0.0004184643279413323 0.0031525094000748283
1458 0.04162680795687164 0.022956273177571745
1932 0.004553976831127947 0.00160343054666109
1907 0.04032203258534523 0.02266422932430992
1966 0.0008440816833237974 0.000784048147774571
1962 0.018654378125563035 0.007037354975268944
1936 0.006785706299957916 0.0056304562163148435
1942 0.01878392460732417 0.03359121065962451
1911 0.00037403104072022915 0.004145689926610554
1938 0.033634316535252645 0.024050177318845074
1906 0.00685414752478209 0.0009094500750489572
2018 0.0031967008889675357 0.0012895935659167695
1937 0.00020601916072375553 0.00156565496777561
1417 0.010343412260857223 0.004845015875555035
2036 0.0007178010720812692 0.0013333314078857648
2013 0.019460360671044345 0.007498428476975103
1961 0.005064846835121089 0.0005746901025219593
2014 0.01738253739316039 0.019020428203685893
1418 0.0017441393221636283 0.00016625379556790324
0182 0.0052791196633947225 0.00046254778856691576
0167 0.004608207786291177 0.00031493382843927485
1931 0.003930515714274652 0.00179648439855369
2040 0.003988699401255837 0.0025599983728885295
1220 0.005605542605300981 0.0005435697321149275
1451 0.009642008508039214 0.02181692885115855
1450 0.0007350595462750117 0.0012747063755551746
1449 0.0031900091370959736 0.002046953699724448
1434 0.0023240106386856452 0.002370274610080908
0190 0.005226068115962454 0.0004628315359304498
0295 0.005487113412086009 0.0004979689893637431
1445 0.010137053941167491 0.0026075510424592436
1463 0.0029808662289237064 0.0039846711830864535
0112 0.00511356701753698 0.00044435471961676456
0055 0.005110985313406286 0.0004622039780119577
0056 0.005116636506274957 0.00046734411944483035
1111 0.014436038103876121 0.015445484713886721
0208 0.00433932715199515 0.005440752047057961
0110 0.004089401878426333 0.007679890274000323
0109 0.0016572042754290565 9.823395816374588e-05
0187 0.005025249614361163 0.0004603828413750095
0296 0.005103464550382305 0.0005099470811735276
1428 0.00642261088194898 0.010066300832762973
0197 0.0048762706290247995 0.0005031019018137837
1440 0.02607144799374862 0.02412649633162667
1443 0.025963413601400503 0.038305786766826846
1432 0.017563188654552114 0.019147331566496617
1438 0.04752461290683272 0.03136711720991819
1444 0.00046883670113350936 0.004476430018040328
0181 0.005036576299763256 0.0005549060084002868
0166 0.005900195211402811 0.00076483234314852
1437 0.07072781954041525 0.06581331114088099
1425 0.0017539305302170767 0.0018493656530478744
1436 0.0008783496889567476 0.0064364286689510735
1424 0.00192312562314673 0.0032696851511261984
1439 0.11945271367827015 0.1155300544948487
0297 0.004453415851773722 0.0005817056801675824
1464 0.0008853066368267378 0.001241800882357162
0192 0.004426089318176173 0.0006054043944913727
1442 0.0010965693139946982 0.0018651352044548129
1435 0.0016966223577082127 0.0038930715430309597
1448 0.0013011772695891485 0.0005932250953115288
0202 0.006731747934799253 0.0056630964983704546
0207 0.0023502210776413187 0.0020000716637010997
0298 0.003738186948651153 0.0006808987940759424
1110 0.005610254810187834 0.0026755838742579404
0205 0.000596407223985975 0.0002284778228409666
0204 0.00018442533958910987 0.000712698508805356
0206 0.0006906511004147071 0.00017917054873656008
0203 0.0001889269379809334 0.0007578045342733174
0188 0.004003941749287983 0.0006819603982161509
1427 0.000723904282432511 0.0014493259933796023
0299 0.003614698618398915 0.0006452877473680431
1429 0.0006891717052254605 0.0027009484915611662
0195 0.004128993074241441 0.0009194490529029012
1421 0.0012700099521467008 0.001140034466887733
1422 0.0022675004585485884 0.01692837868938417
1426 0.03671596137899621 0.04048384535539315
1420 0.0013831694395694872 0.0045239349843297525
1419 0.0038263157581261364 0.028690472099837473
1423 0.0008464980671905807 0.0015810015781213464
1375 0.0034071829085012173 0.03160297460033018
1430 0.010739846810139054 0.016539693318965747
1441 0.07132981304611759 0.06561412412131942
1433 0.0016525216452371115 0.002056573271245436
1431 0.0006890788035095131 0.0034738147140673204
0063 0.00419858720807072 0.0009554316674143419
1455 0.002575461858608357 0.0010728950470388742
1460 0.007588551215341311 0.0034692557000976713
0064 0.0002647387362330056 0.00015972332061671806
0114 0.000403834651848199 0.0003654582661687825
0186 0.003956088275020384 0.0010950680620570702
0300 0.3083882406214802 0.3064356067042027
0199 0.0036597694151217744 0.001344354571293986
0301 0.30489990742349593 0.30951246660815507
0189 0.004206418411311787 0.0017712130207016513
1108 0.004884409306273507 0.0021468071755416256
0302 0.28792521020530754 0.2937999615528231
0196 0.007589234325599734 0.004510786388270974
0185 0.004070144454762129 0.002653272136005947
1107 0.004934413682320878 0.0031861839784063893
0303 0.27833069977913216 0.28992886298673315
